-6 0 0 0 0 0 0 0 0 0 0 0 0 0 0 0 0 0 0 0 
-7 0 0 0 0 0 0 0 0 0 0 0 0 0 0 0 0 0 0 0 
-18 0 0 0 0 0 0 0 0 0 0 0 0 0 0 0 0 0 0 0 
-25 0 0 0 0 0 0 0 0 0 0 0 0 0 0 0 0 0 0 0 
-26 0 0 0 0 0 0 0 0 0 0 0 0 0 0 0 0 0 0 0 
-30 0 0 0 0 0 0 0 0 0 0 0 0 0 0 0 0 0 0 0 
-40 0 0 0 0 0 0 0 0 0 0 0 0 0 0 0 0 0 0 0 
-45 0 0 0 0 0 0 0 0 0 0 0 0 0 0 0 0 0 0 0 
-45 0 0 0 0 0 0 0 0 0 0 0 0 0 0 0 0 0 0 0 
-45 0 0 0 0 0 0 0 0 0 0 0 0 0 0 0 0 0 0 0 
-45 0 0 0 0 0 0 0 0 0 0 0 0 0 0 0 0 0 0 0 
-45 0 0 0 0 0 0 0 0 0 0 0 0 0 0 0 0 0 0 0 
-45 0 0 0 0 0 0 0 0 0 0 0 0 0 0 0 0 0 0 0 
-46 0 0 0 0 0 0 0 0 0 0 0 0 0 0 0 0 0 0 0 
-54 0 0 0 0 0 0 0 0 0 0 0 0 0 0 0 0 0 0 0 
-61 0 0 0 0 0 0 0 0 0 0 0 0 0 0 0 0 0 0 0 
-70 0 0 0 0 0 0 0 0 0 0 0 0 0 0 0 0 0 0 0 
-97 0 0 0 0 0 0 0 0 0 0 0 0 0 0 0 0 0 0 0 
-108 0 0 0 0 0 0 0 0 0 0 0 0 0 0 0 0 0 0 0 
-110 0 0 0 0 0 0 0 0 0 0 0 0 0 0 0 0 0 0 0 
-111 0 0 0 0 0 0 0 0 0 0 0 0 0 0 0 0 0 0 0 
-113 0 0 0 0 0 0 0 0 0 0 0 0 0 0 0 0 0 0 0 
-113 1 0 0 0 0 0 0 0 0 0 0 0 0 0 0 0 0 0 0 
-113 3 0 0 0 0 0 0 0 0 0 0 0 0 0 0 0 0 0 0 
-113 3 0 0 0 0 0 0 0 0 0 0 0 0 0 0 0 0 0 0 
-113 2 0 0 0 0 0 0 0 0 0 0 0 0 0 0 0 0 0 0 
-113 -1 0 0 0 0 0 0 0 0 0 0 0 0 0 0 0 0 0 0 
-113 -2 0 0 0 0 0 0 0 0 0 0 0 0 0 0 0 0 0 0 
-113 -3 0 0 0 0 0 0 0 0 0 0 0 0 0 0 0 0 0 0 
-113 -4 0 0 0 0 0 0 0 0 0 0 0 0 0 0 0 0 0 0 
-113 -5 0 0 0 0 0 0 0 0 0 0 0 0 0 0 0 0 0 0 
-113 -5 0 0 0 0 0 0 0 0 0 0 0 0 0 0 0 0 0 0 
-113 -12 0 0 0 0 0 0 0 0 0 0 0 0 0 0 0 0 0 0 
-113 -30 0 0 0 0 0 0 0 0 0 0 0 0 0 0 0 0 0 0 
-113 -39 0 0 0 0 0 0 0 0 0 0 0 0 0 0 0 0 0 0 
-113 -41 0 0 0 0 0 0 0 0 0 0 0 0 0 0 0 0 0 0 
-113 -42 0 0 0 0 0 0 0 0 0 0 0 0 0 0 0 0 0 0 
-113 -45 0 0 0 0 0 0 0 0 0 0 0 0 0 0 0 0 0 0 
-113 -45 0 0 0 0 0 0 0 0 0 0 0 0 0 0 0 0 0 0 
-113 -47 0 0 0 0 0 0 0 0 0 0 0 0 0 0 0 0 0 0 
-113 -49 0 0 0 0 0 0 0 0 0 0 0 0 0 0 0 0 0 0 
-113 -52 0 0 0 0 0 0 0 0 0 0 0 0 0 0 0 0 0 0 
-113 -69 0 0 0 0 0 0 0 0 0 0 0 0 0 0 0 0 0 0 
-113 -76 0 0 0 0 0 0 0 0 0 0 0 0 0 0 0 0 0 0 
-113 -78 0 0 0 0 0 0 0 0 0 0 0 0 0 0 0 0 0 0 
-113 -87 0 0 0 0 0 0 0 0 0 0 0 0 0 0 0 0 0 0 
-113 -94 0 0 0 0 0 0 0 0 0 0 0 0 0 0 0 0 0 0 
-113 -101 0 0 0 0 0 0 0 0 0 0 0 0 0 0 0 0 0 0 
-113 -120 0 0 0 0 0 0 0 0 0 0 0 0 0 0 0 0 0 0 
-113 -130 0 0 0 0 0 0 0 0 0 0 0 0 0 0 0 0 0 0 
-113 -133 0 0 0 0 0 0 0 0 0 0 0 0 0 0 0 0 0 0 
-113 -142 0 0 0 0 0 0 0 0 0 0 0 0 0 0 0 0 0 0 
-113 -144 0 0 0 0 0 0 0 0 0 0 0 0 0 0 0 0 0 0 
-113 -144 0 0 0 0 0 0 0 0 0 0 0 0 0 0 0 0 0 0 
-113 -144 0 0 0 0 0 0 0 0 0 0 0 0 0 0 0 0 0 0 
-113 -144 0 0 0 0 0 0 0 0 0 0 0 0 0 0 0 0 0 0 
